翻转逻辑：
<1> 衍生总数为4种的情况，共30个：
当前的模块,沿着Z轴旋转90,180, 270度得到另外三种情况
00001000
10000000
10001000
00001100
11000000
10000010
00001110
11100000
10001010
10000101
10101000
10100001
10001101
10000111
11011000
11010010
11001100
11000011
11101110
11001111
11111100
01111101
11101111
11111110
11110001
00011111
01110101
01111010
01010111
01011110

<2> 衍生总数为2种的情况，共6个：
当前的模块,沿Z轴旋转180度，得到另外一种情况
10100000
00001010
10101010
10100101
10101111
11111010

<3> 衍生总数为8种的情况，共15个：
当前的模块,沿着Z轴旋转90,180, 270度得到三种情况+
当前的模块，通过X轴镜像(mirror)之后，旋转0,90,180,270得到共四种
10001100
10000110
11001000
11000001
10000001
10001110
11101000
11001001
11001010
10101100
01111110
01110011
01111001
11001101
11001011


<4> 没有其他情况不用做翻转的模块，共2个
11110000
00001111

<5> 好像不用考虑的情况,就是顶点全被激活和全不被激活的
00000000
11111111
